usersWithPermissions
119421
119443
119374
119257
119455
119457
119254
119378
119243
119369
119384
186538
119454
119392
119246
143164
119420
119401
230267
119410
252152
119255
119414
154290
119368
119438
119376
360858
119259
119386
119451
270090
119416
119391
173012
119343
276150
119248
119242
438501
153960
209523
119371
180632
156947
119397
119264
464637
148909
243014
119252
119396
119079
360244
119403
119388
464659
119383
241951
119413
119431
119258
156945
119404
451445
179635
157484
119456
147169
462240
119422
180140
360854
285096
270089
411812
119372
440006
360855
119098
226842
119149

